---------- ../dataset/test/en-mc-30.csv ----------
0.24992135
0.48527682
0.58398604
0.6730515
0.47019362
0.46413192
0.30155784
0.5136008
0.6612407
0.72109014
0.6175643
0.55469894
0.26797158
0.49838218
0.31300136
0.3089968
0.6117566
0.52665716
0.21973342
0.40330687
0.5087754
0.4359529
0.36508122
0.59258074
0.7518458
0.3957965
0.4325933
0.51470053
0.34764037
0.4555567
Pearson Correlation Coefficient: 0.11662241870944795
--------------------
---------- ../dataset/test/en-iot-30.csv ----------
0.346464
0.6175187
0.36451143
0.58098376
0.5200528
0.3815111
0.5190602
0.53888553
0.52904874
0.5226645
0.567257
0.43184906
0.48753944
0.5863415
0.6344727
0.6423329
0.40039116
0.39597523
0.5593781
0.3376139
0.5594897
0.4736159
0.77134246
0.7062395
0.35701424
0.61313117
0.7224411
0.50180167
0.4634104
0.3736333
Pearson Correlation Coefficient: -0.1617569765536112
--------------------
