---------- ../dataset/test/en-mc-30.csv ----------
0.8889029617164114
0.4965100626055554
0.6734726239860008
0.6628727026563985
0.8640404771985774
0.5540919717280256
0.7939680913452629
0.7044133540818176
0.8344666360133804
0.7272280489287338
0.3998947272639799
0.5455808297700311
0.6420533864337561
0.6594013603894984
0.5643795588561671
0.3931339038614882
0.5005353546986822
0.2571692867993651
0.6724146886494123
0.5284836678762078
0.5500905726241075
0.5016249251897292
0.7358878649277512
0.680610199785089
0.734480353458645
0.4879533937905881
0.2996076029441513
0.4590709014330808
0.640006130157508
0.2484098063661843
Pearson Correlation Coefficient: 0.4838806946462387
--------------------
---------- ../dataset/test/en-iot-30.csv ----------
0.5547145043265269
0.6633451058914988
0.7848144200404631
0.8175573669585252
0.6596709987745624
0.8328089699469116
0.7746286753484952
0.7139972563274913
0.8316423721415108
0.7935879796255797
0.7614454286214485
0.8975300996410875
0.8069701902034127
0.6139961643870147
0.6542986154238575
0.6037942784490191
0.6394828895439035
0.5766205424990118
0.7661687655772502
0.5264061725631488
0.39547796319810136
0.43158589819744425
0.6579765158225493
0.621031757699627
0.7510050602980044
0.632314875845661
0.6483526376207608
0.5807812915667713
0.4686933470448691
0.4097249217207385
Pearson Correlation Coefficient: 0.5782275369358504
--------------------
