---------- ../dataset/test/en-mc-30.csv ----------
0.8045022642532553
0.4120024146333478
0.5836107985130147
0.6539499415365018
0.8014664771179064
0.4731534810086548
0.6566815764475825
0.6572207310943492
0.7489240839857809
0.6793818042307792
0.3519643890767842
0.43865019011630785
0.6209001162420986
0.4997446777485221
0.5107803819298998
0.40140901730554296
0.41448144627899813
0.1108948209448092
0.5848645840239598
0.49788605125395113
0.4440832802911083
0.3952966043124788
0.6908559826699949
0.5436435590274984
0.5274085149865662
0.3680501644878823
0.2922908971828276
0.43808617364412794
0.5122959225496124
0.20243161181975147
Pearson Correlation Coefficient: 0.5284749409152524
--------------------
---------- ../dataset/test/en-iot-30.csv ----------
0.4919493538207987
0.5750682786710425
0.7293336960625831
0.7653835034647701
0.5712741803126193
0.8141931055387333
0.7085148661172499
0.6133343991133228
0.7912277812610667
0.6799871258822354
0.6070728652175282
0.8669238382729
0.7471594032798522
0.5106255322627471
0.573713043853173
0.5452957596642338
0.5114328688047093
0.4935265755075478
0.6984490801487777
0.4599961539367363
0.3114245171528514
0.3498150164548422
0.5768064863990392
0.532659591613649
0.6481825723883257
0.5407657090685172
0.5312310177499611
0.4883354469888382
0.36589666734639187
0.2690216717022506
Pearson Correlation Coefficient: 0.6033703778097151
--------------------
