---------- ../dataset/test/en-mc-30.csv ----------
0.8026058458761289
0.40631293812382036
0.56382881190519
0.595386242088709
0.7986102109161555
0.46394302237063845
0.6462851465487403
0.6377491525782732
0.7118052092499103
0.6478148499633529
0.3166043467715191
0.47497939712169457
0.5898899768316046
0.5296441665712148
0.47694751027780874
0.37171962144513426
0.37846067390849614
0.18413773814063558
0.6008041226110435
0.489272301118191
0.44557069390924403
0.3511712898031291
0.5999599048679437
0.45809034809953797
0.5256757025448355
0.3500414447673741
0.2679237204425729
0.43518109130921245
0.4578388880917604
0.1758199473963727
Pearson Correlation Coefficient: 0.5827604661176746
--------------------
---------- ../dataset/test/en-iot-30.csv ----------
0.4736020050018536
0.5753877683565918
0.7202196951933526
0.7528549627701886
0.5255072169169663
0.8014063977580653
0.7312363022343201
0.6048205228373104
0.795083492195103
0.6881302897657718
0.5863101889238477
0.8590356554438876
0.7229811790583698
0.535242799511866
0.5643395715198934
0.5080365145999522
0.5394386313806245
0.5186975212675036
0.6849908390292448
0.4403466761577818
0.3411602762362891
0.3716546583849703
0.5638962676785704
0.5399820966498567
0.6716046288639024
0.503793912081398
0.4481460876195061
0.4853910103341217
0.37521597139055507
0.29226165107267504
Pearson Correlation Coefficient: 0.6026299088499948
--------------------
