---------- ../dataset/test/en-mc-30.csv ----------
0.8814962278540208
0.5496083788046104
0.7248193754188074
0.6712215462539248
0.8844995690603203
0.6130122086991374
0.7756439435553111
0.7559458684433698
0.8259001136784734
0.7215833407000866
0.4471117975476882
0.5574463113894309
0.6759279164024606
0.6824518283957746
0.5732650742393494
0.42888278271659647
0.5286316284987705
0.26962788742310184
0.7095086119666644
0.5150290135725846
0.54802978532565
0.5251305263291376
0.7807800551665295
0.7408748590503542
0.7756441491164289
0.5253295786280078
0.3555358729587794
0.4802102577337284
0.6950966305154099
0.3102051547047726
Pearson Correlation Coefficient: 0.4662198662847972
--------------------
---------- ../dataset/test/en-iot-30.csv ----------
0.5500489081742563
0.7115876082871538
0.8207348868662369
0.8440513193813127
0.660806114495199
0.8450969661207567
0.8001363777171814
0.7442974049704834
0.835560966605275
0.8055989655657316
0.7565337982817117
0.9110411949917083
0.8089032205212201
0.613839489034706
0.6703743098935144
0.6121288744967796
0.6562959373174267
0.6223953506516785
0.8058969547550405
0.6026207950222338
0.39535049650402787
0.41868918029585234
0.6752137828469941
0.6425806177366727
0.7656990069835958
0.7062631352253168
0.6581907372446308
0.6210003327002723
0.457807010046591
0.41843931271329865
Pearson Correlation Coefficient: 0.548487876308513
--------------------
