---------- ../dataset/test/en-mc-30.csv ----------
0.7742181162180477
0.3866663718241797
0.5396993770886052
0.5573500285044813
0.6848759269786522
0.38880839519465127
0.5842879193466322
0.6560372857590744
0.7217294779140658
0.6324584547256811
0.35380438730411096
0.45259664349072015
0.5235681227618312
0.49151814086398343
0.44749761826710766
0.3056960988783741
0.3508119938117197
0.23500225317148857
0.533107839666113
0.4326813237538137
0.36200084752464284
0.38361213877470723
0.5272831038526059
0.48803989968861033
0.5301992845900737
0.32336024004200375
0.2784642770331788
0.32735185862127114
0.47077687614547575
0.17883678790206992
Pearson Correlation Coefficient: 0.5914774534631572
--------------------
---------- ../dataset/test/en-iot-30.csv ----------
0.3790561645476417
0.5533859882856351
0.7134926976547372
0.7013643694852846
0.5585618350470468
0.7832840120626007
0.7014625916768941
0.5833916219903085
0.8063958247010564
0.6750460826596699
0.5852747488843993
0.8329459780331236
0.6654232120166477
0.531528040840978
0.5362471833300924
0.49674707555858943
0.4837006697167394
0.4891263316307555
0.621569229727705
0.3367642416093079
0.2801762182769022
0.3103314683950492
0.6209479793349333
0.5100853498514981
0.5336763948918526
0.5096650186619573
0.4557125025444138
0.41259950861425165
0.31350873167313903
0.2684135005728297
Pearson Correlation Coefficient: 0.6121770089447206
--------------------
