---------- ../dataset/test/en-mc-30.csv ----------
0.7316839348552515
0.2944319345473882
0.5804665665064787
0.540910359754023
0.689479708810704
0.42800015966820226
0.5696757653181206
0.603043223239806
0.7137331087350695
0.5853858281389047
0.29483922393076334
0.3858311618251701
0.5032842044458268
0.472517143034158
0.4256125054250303
0.254405024384583
0.3338493425212441
0.17043177739429072
0.5386412378968941
0.43423369647897553
0.3505809373951398
0.3647671364026033
0.5670365325066646
0.40501389112633596
0.48116774323969624
0.23815634549520454
0.1859704734311501
0.3848795159167648
0.4652548854184005
0.20254011463993207
Pearson Correlation Coefficient: 0.5476451591976046
--------------------
---------- ../dataset/test/en-iot-30.csv ----------
0.4161124368498221
0.5289631292873942
0.6719915651350957
0.700040958952298
0.5307717808900391
0.755868539456374
0.6523347730943123
0.5651920217100153
0.7969243421507783
0.645393125244722
0.5745107676299241
0.8022626843220384
0.6575350038582294
0.4918376663970748
0.49882692201594214
0.4677728439245432
0.503374622906649
0.48195423385988995
0.6101813708238273
0.3881221946757858
0.33628125946938925
0.32147570212369964
0.5488954910217638
0.4612163754993734
0.5593472170204952
0.4631975884189064
0.43152991748023245
0.46225683428410974
0.3073050519418751
0.2272840176346566
Pearson Correlation Coefficient: 0.6314230956380344
--------------------
