---------- ../dataset/test/en-iot-30.csv ----------
0.31571408917222693
0.4181353585996671
0.5135124058248184
0.756078344567891
0.45786443869380145
0.2563272280104314
0.6311530061535073
0.3921535533331347
0.3402813083783336
0.6521986509838128
0.4578696258700397
0.7665031614937908
0.40898817207199645
0.32923304490488053
0.27617575614478057
0.28980739798929905
0.398917071004057
0.37972482732176677
0.2635277468645239
0.3102256782107137
0.1505599660918579
0.29267407916632016
0.4958207348340764
0.30626047935156797
0.5044624582015053
0.21115250271890662
0.16995196387437528
0.285843701047764
0.2227331938652499
0.0030496869689472495
Pearson Correlation Coefficient: 0.5515548074205785
--------------------
---------- ../dataset/test/en-mc-30.csv ----------
0.5358604019521832
0.2052781582873121
0.2619944996177722
0.29360191776201344
0.5214285441623211
0.13561297724135846
0.24721278536646338
0.3649506818681162
0.29978022366356677
0.469228471787979
0.10727290593367687
0.28249343598365523
0.45528974837016184
0.13480948734186457
0.21098926156141407
0.04445357838559928
0.3099280125631053
0.09725703313098367
0.3321057042526791
0.11943229088880793
0.4218360578169567
0.046239269661937685
0.31255571796169995
0.32552726044068797
0.2871491053489475
0.20185474791157273
0.059961891749053316
0.2060567448442827
0.07561360028168553
0.0831207501729593
Pearson Correlation Coefficient: 0.4167759147048865
--------------------
