---------- ../dataset/test/en-iot-30.csv ----------
0.32874903011580053
0.4989303016518193
0.524573641471643
0.7822269125408992
0.4981143699779202
0.3501835481121905
0.6662342443115848
0.3669549457510823
0.4243329012944773
0.7598736807483235
0.39450862605937254
0.7895843760898673
0.3556604481929136
0.32010711740471487
0.36719151093396657
0.3671640261774392
0.5011603232101719
0.3549790100316821
0.3802907137330046
0.4410427637697434
0.15729441676802408
0.32763335834588303
0.5562862102744569
0.46634250886873263
0.4951379267121107
0.3155303437507708
0.21822220876656614
0.3727569988190494
0.13322204229427564
-0.05748999943768757
Pearson Correlation Coefficient: 0.5059482620137988
--------------------
---------- ../dataset/test/en-mc-30.csv ----------
0.578292223217797
0.24150239371930912
0.27539279661394167
0.34565720625314295
0.4954228000142808
0.1886556162782837
0.330376291164374
0.3787739980297409
0.3442145897305151
0.46146085525391034
0.34887600458952167
0.22655967856197912
0.4696460499739658
0.18454060780081433
0.3753030725275179
0.22185819480716137
0.3142743733821594
0.13518496709861866
0.48912555191935136
0.10102414800300757
0.5887833080088758
0.0306014544046144
0.26824225018260706
0.32244145962080606
0.3872961067938213
0.2930273855184852
-0.06735941314439321
0.26805507334746687
0.17546742139643226
0.09854768189931852
Pearson Correlation Coefficient: 0.3823476112007936
--------------------
