---------- ../dataset/test/en-iot-30.csv ----------
0.3537516893386164
0.41604951762971454
0.5230789285916331
0.7484904404375862
0.515912277845151
0.2627560980083251
0.5952506712460964
0.29515133987053144
0.3541517471619112
0.6964892853942906
0.4675709125143076
0.7583074966725484
0.42643130132892404
0.34173678927781875
0.2995376976041519
0.22621819758287404
0.4484930940059202
0.3362901830844329
0.2935447019407469
0.3037105446283816
0.14748037491373592
0.2653646601464297
0.5369223033778214
0.3325593212489734
0.5332922678384009
0.22959610670819622
0.23012334210637106
0.3193410841302176
0.2969995119076881
-0.03262324314187738
Pearson Correlation Coefficient: 0.5047485298381714
--------------------
---------- ../dataset/test/en-mc-30.csv ----------
0.5326012162888788
0.29413441867714335
0.21622737194955258
0.3706157338361584
0.6533229683227089
0.22826438437718474
0.1466447393812175
0.39096927561270034
0.33113037431776887
0.48384506867654137
0.16719601295294287
0.24786829835943924
0.4765365697385652
0.15652541321458255
0.266963819962092
0.0763915527565934
0.30015315643648816
0.11382484467353887
0.3920541896005369
0.09944135229190999
0.3608268825294173
0.17162451855081612
0.3360057405321249
0.24048143294187374
0.2932486753447975
0.18950927580097304
0.13526302557090067
0.21583706715902093
0.213870980388855
0.11647330360580778
Pearson Correlation Coefficient: 0.43807327143050323
--------------------
