---------- ../dataset/test/en-iot-30.csv ----------
0.2978097258342499
0.4016723846467025
0.5029420269135692
0.6932196272897402
0.42647903920635355
0.32175990111608305
0.5649903303161178
0.3590937036080748
0.3384241392952401
0.5607166485760596
0.3663379547308617
0.7009338998805354
0.35965174204059697
0.2642355927531484
0.3303138862416013
0.2956968954178508
0.3751964510607374
0.2891345137117494
0.23461791444948013
0.24072891458553386
0.14605120633973356
0.2333519853930761
0.44287242458037956
0.3498202445252367
0.43937541064980135
0.26811604565358826
0.17857424113734083
0.28293742029984426
0.2998797071604077
0.000867042642129419
Pearson Correlation Coefficient: 0.5584868769814268
--------------------
---------- ../dataset/test/en-mc-30.csv ----------
0.47691160324907894
0.238559498154647
0.25929093320625685
0.3080062039232942
0.51790160311035
0.20432409473549992
0.2764104085623475
0.35776964601650824
0.28598587254615565
0.4427723327901631
0.1121579969184718
0.29122211683607674
0.40606235711449606
0.1615634150900623
0.2580854331869549
0.07029541095686341
0.28965916223613497
-0.04447393499654585
0.26826406779713097
0.13219742335689957
0.31083713877838204
0.05213810202692137
0.23496931504370608
0.32015471045729216
0.3077254142297983
0.1784628230863732
0.14928660421897755
0.07093118062105679
0.158777143977135
0.08841844221111675
Pearson Correlation Coefficient: 0.5215507846282429
--------------------
