---------- ../dataset/test/en-iot-30.csv ----------
0.3257441647315178
0.43650059918188805
0.5005356103380725
0.7271044722939546
0.4292986797268895
0.3260763393399157
0.5897023067570354
0.3373388602294214
0.3368269439936047
0.5632426666171312
0.47017564550657603
0.7232926507861972
0.34925187209427794
0.3022633220304858
0.27857135656041226
0.26260297628627843
0.39955492654385066
0.32510804021246203
0.23565274574904033
0.2581805282414753
0.17618080485800794
0.2740628097253096
0.48936622126997387
0.2881508041297064
0.5034248909231782
0.24037312617515436
0.19686816501370177
0.3420748334884453
0.3354809927943104
-0.0709293682374066
Pearson Correlation Coefficient: 0.5282815930647956
--------------------
---------- ../dataset/test/en-mc-30.csv ----------
0.5404385318875901
0.3218670878679911
0.2705447646741965
0.30612091721547463
0.5155311651552252
0.21538037187082382
0.25515911988632
0.3173624127915151
0.28342208898003834
0.47301945686530594
0.1156567629121157
0.2279255186227258
0.46746993663696557
0.13259585950226538
0.17928059203094787
0.11645565252167904
0.27266886503449256
0.10152745231580518
0.3089662117352764
0.09844041985471504
0.34105010391448926
0.11924969325840659
0.15796279896598486
0.2862710007800185
0.28235271553770463
0.20005749357290492
0.09237942635264514
0.05142412047035958
0.2208658710896871
0.033636118770523006
Pearson Correlation Coefficient: 0.563097285125706
--------------------
