---------- ../dataset/test/en-iot-30.csv ----------
0.3293415649247169
0.4404116214977708
0.578958040929463
0.8276317491834435
0.490636178979137
0.35734666821522315
0.5716207569316678
0.3692670852270125
0.4124640171968321
0.7368070792242499
0.3549081828547861
0.812007261350152
0.43002375366073287
0.3219250101055277
0.27298798401025715
0.3196450485925904
0.5612718054333609
0.4323479981015892
0.2878410697347095
0.45498308836234647
0.04503745240597504
0.2799540169900677
0.5847581341827326
0.4982010128773233
0.5177709222767432
0.37649637928185187
0.23905767479399453
0.48655135542627737
0.0244624942796463
-0.09868934833770829
Pearson Correlation Coefficient: 0.4437685188135272
--------------------
---------- ../dataset/test/en-mc-30.csv ----------
0.6273728876516202
0.34640935680185475
0.30551219218600334
0.32830578227090557
0.7011316960563576
0.24621756049907742
0.27860245252230414
0.5485321387516782
0.38191737378712043
0.537041829704871
0.42833121178271066
0.24911809306762062
0.5593503259784697
0.2091753980523609
0.3240204293842871
0.13468541553995209
0.348423346129616
0.23400763086354956
0.45664260589529304
0.11948036277607414
0.4760744838221819
0.20882348302876316
0.4348660566200701
0.21800592201646862
0.5038037159220383
0.3018368013400102
0.13275791233813575
0.3438604961130377
0.22741852247188657
0.08103502091127472
Pearson Correlation Coefficient: 0.4207450462796207
--------------------
