---------- ../dataset/test/en-iot-30.csv ----------
0.22149106760627385
0.8999523634193687
0.6907640229794231
0.9341108363135515
0.16849271960604673
0.4546380759750082
0.8897815752266169
0.0577151125499642
0.6186959744255952
0.4762294701455331
0.17132103859547806
0.7841912707430589
0.2751535400714616
0.6111551830950567
0.6716117999520248
0.44818263595253116
0.17654534328603502
0.0556122261897555
0.351281243952528
0.27803880715492546
-0.2080386597682406
-0.05810226651148353
0.6564084174820739
0.18442357995553782
0.6564236115560869
0.45128548448498396
0.03585057886312985
0.8497088582053602
-0.03332077042486823
0.02417807294882617
Pearson Correlation Coefficient: 0.3739661366092263
--------------------
---------- ../dataset/test/en-mc-30.csv ----------
0.6011419592609046
0.11773163438609588
0.17671054078937704
0.3809278692728287
0.5832347317887543
-0.325976395541234
0.42019071492097737
0.4192046413132957
0.5217137780089002
0.7887990581792578
0.36813572703822955
0.3145874038503002
0.504734514342986
0.06373924905263285
0.1903504379308111
0.2223255708385254
0.01211524988104749
-0.05657214056009728
0.3317547761843886
0.23687188950140475
0.5865454224419407
0.1607307501594097
0.37102576302593265
0.5554744137447761
0.5254444858998646
0.15478717668889902
0.00026653933022350245
0.3296491786245937
0.2453589813101946
-0.06259844119568568
Pearson Correlation Coefficient: 0.20337481932970658
--------------------
