---------- ../dataset/test/en-iot-30.csv ----------
0.7715304968968725
0.4756506982219456
0.68241426286576
0.6269088398900524
0.10950137470078226
0.488606586460156
0.8533657428606316
0.10656057977446692
0.5299076418659192
0.33935632521441306
0.27572994789040384
0.7312570787317468
0.3516161704648119
0.4304928028888496
0.48550586186223876
0.19849993098875665
0.17861052296181892
-0.003521443888826979
0.2624812668765543
0.08626775879388492
-0.16441763809396298
0.0064262996528795914
0.13693704754788016
0.3281170060539264
0.6589646825312047
0.4969555009455901
0.04186443497436786
0.5615542498884547
-0.17199240668690377
-0.06554389069897461
Pearson Correlation Coefficient: 0.5371863727794131
--------------------
---------- ../dataset/test/en-mc-30.csv ----------
0.5817734179022053
-0.032099250478816885
0.33543108417367873
-0.13407722099528424
0.4213774813293884
0.1270556573855164
-0.03082225661378971
0.21533413230957182
0.6330015054676105
0.5859637084562048
0.25706499018445017
0.14562002691996132
0.2640111546198837
0.07161742128677433
0.3431987328206417
-0.031187207241599135
0.06248903757045823
0.16129894848797283
0.4407063229760666
0.04565183977066089
0.4785983731751242
0.2851576524199694
0.4966122464171655
0.1122017843577773
0.2564756145074182
-0.00772007033411562
0.010829273504785512
0.09829271611360872
0.4014987911231343
-0.08452054478908214
Pearson Correlation Coefficient: 0.12686518532890573
--------------------
