---------- ../dataset/test/en-iot-30.csv ----------
0.16445533754010225
0.727256519281184
0.43160361519478524
0.8788800238176172
0.27566296045699434
0.5194446166995146
0.7595198200685278
0.12633790202834716
0.46745803290596405
0.6966708975807921
0.06552227779454345
0.7307985676472555
0.28393967024771666
0.8593291815817596
0.3531009147759846
0.35062173710744365
0.7933860251960774
0.28971935051202574
0.7390579557255269
0.6469502885129816
-0.27097918337796467
-0.13475137821852648
0.8283100443803713
0.5177545101931936
0.7399089715766516
0.6699655709181717
0.7009623992226549
0.6021451286884449
-0.057468507797414276
0.22090157804957475
Pearson Correlation Coefficient: 0.09489755263382299
--------------------
---------- ../dataset/test/en-mc-30.csv ----------
0.654653692721831
0.13207752889897345
0.4446295744621599
0.4316504269788399
0.6740788242734003
0.31243791902382373
0.297948050186498
0.5426699529077542
0.1681103684781221
0.6028510366738141
0.4982321556175698
0.044023589747521186
0.6599993518620605
0.2559789717507333
0.6786277193518052
0.22986207169273193
0.619892400401151
-0.34135028804249284
-0.13775333369384263
0.3812300008714339
0.6528251403639156
-0.429738405898904
0.1269691464713144
0.3514155926636178
0.4096975585355105
0.14423419161191964
-0.003947825355895548
0.3334071408828153
0.36613170685113444
-0.13940280585465398
Pearson Correlation Coefficient: 0.3860051307022602
--------------------
