---------- ../dataset/test/en-iot-30.csv ----------
0.2200090015532937
0.8462008868584882
0.6598415878764723
0.9828478105565313
0.6545723600202948
0.22616374772379758
0.8893487951011428
0.11024862586285564
0.3014632747607153
0.3467176882297705
0.1693313743056486
0.8283895347037871
0.244351544338587
0.32467631862347407
0.6693185316406852
0.400483250617625
0.6361321579435972
0.1335100689814254
0.3287213052770152
0.4301125922418399
-0.04879821439138102
0.12887491368550558
0.8174346631950667
0.3368635522366239
0.869303590186036
0.7052401619884132
0.21481274857001906
0.7867324794099178
0.16044619139003644
0.04677540102828872
Pearson Correlation Coefficient: 0.1896444358476816
--------------------
---------- ../dataset/test/en-mc-30.csv ----------
0.7630987137137796
0.09114129418657795
0.4994385418388696
0.21551270087713517
0.4183124337279995
0.2780931101241522
0.21880654228690793
0.4560368824830555
0.5342235298827601
0.7183063797748191
0.5420569121542016
0.2880202503823062
0.6199851623103978
-0.07910505800247547
0.009547162362138855
-0.1702040783637675
0.140561007904588
-0.2960841900877932
0.39213344657020116
0.5812382957031675
0.5437360738042166
0.010398782205286521
0.5063227848661571
0.3490794934218773
0.7020797092574582
0.18996905298275502
0.012762479600857628
0.013562308362417253
0.4648689196786815
-0.022091753641483445
Pearson Correlation Coefficient: 0.26327614418984324
--------------------
