---------- ../dataset/test/en-iot-30.csv ----------
0.15392131129022604
-0.10001115748239078
0.24463395533867224
0.7320600634597754
0.4627867786074668
0.8644876069612905
-0.02251274272248606
0.17535044282950715
0.62443421314341
0.6931156453068515
0.6946929057863759
0.42017101153914904
0.7173539701620467
0.774995160156801
0.7068698963856982
0.09588787592967483
0.7929833143847702
0.2161142736853494
0.558217468138348
0.8169866015445718
-0.13047596111661275
0.03354925142097621
0.5469621542361555
0.2639141092451637
0.8459113721240598
0.4129985447694411
-0.40173472610158817
0.40585063522363074
0.4716238126711434
0.2266267729323638
Pearson Correlation Coefficient: 0.07877646157844397
--------------------
---------- ../dataset/test/en-mc-30.csv ----------
0.4392924424779525
0.254079705521826
0.6928497441281156
0.6134003625476812
0.8586872199087161
0.24277394512736677
0.5241131764588879
0.76119012443321
0.6637934632733016
0.6646997068544338
0.40714974291382744
0.5364012465212291
0.6560483199862955
0.6115226343930987
0.5347619290986918
0.3419659471726886
0.5736212625235064
0.3404982694653347
0.4514546418247575
0.5361030721703435
0.649651229552171
0.36113507343369844
0.6395607835860067
0.12351209982581386
0.5534818604221703
0.19573643936243137
-0.6760778021153657
0.30537559281338883
0.6032478470835351
0.1897315310221008
Pearson Correlation Coefficient: 0.42160447253682864
--------------------
