---------- ../dataset/test/en-iot-30.csv ----------
0.6897634711284858
0.681655330916557
0.6698890658411392
0.779754425367165
0.08725963630017339
0.6482976962346835
0.8939571886726143
0.0011492867330202693
0.6811522440306783
0.4521842874989063
0.4348721916864082
0.7919246020850618
0.31879185267659316
0.40458477593421827
0.3949475178805837
0.1656094497055154
0.27347268175560613
-0.040943867862809354
0.37224520853837545
0.09950510583709755
-0.2807790506657141
-0.10089004816352921
0.02694841961918403
0.3771188138100764
0.6167650959537797
0.44689883264227936
-0.24437691892180013
0.6257846582045427
-0.004020653772878849
-0.03895203161685667
Pearson Correlation Coefficient: 0.5652794354645587
--------------------
---------- ../dataset/test/en-mc-30.csv ----------
0.5555112317624201
0.07920511000727773
0.05388547341043293
0.2360570643211453
0.39371773809778104
0.029389908534560236
0.15006956404689523
0.4983065511047099
0.7761776085884685
0.6060697191973656
0.015401894865203356
0.26191273538850307
0.5632935257791927
0.0817200049879181
0.5659951199641874
0.0746204776195307
0.0004974851188883207
-0.027114029064030654
0.5004624985323591
0.1138106519172462
0.5010735891774667
0.252175706515418
0.33820574379669505
0.09467547725686862
0.16396396523420306
0.2615171562439661
-0.035350490424352385
-0.013459690649411077
0.28649464610924885
-0.05433594570663929
Pearson Correlation Coefficient: 0.27417620913034146
--------------------
