---------- ../dataset/test/en-iot-30.csv ----------
0.4420627
0.61051834
0.64376533
0.75488114
0.6079594
0.80266106
0.66492
0.6301599
0.78792894
0.69516546
0.6429698
0.8256908
0.7237933
0.53088355
0.56437707
0.5158956
0.5149817
0.50839055
0.617186
0.49243712
0.31643406
0.41504604
0.59944
0.54791504
0.6314063
0.5227247
0.49502552
0.5310799
0.4029161
0.31046832
Pearson Correlation Coefficient: 0.5981910436446712
--------------------
---------- ../dataset/test/en-mc-30.csv ----------
0.7748261
0.46976036
0.5950354
0.5218265
0.6763027
0.51255614
0.650788
0.6124167
0.6898746
0.6894644
0.41606858
0.4355061
0.6053464
0.42104807
0.38315818
0.38050103
0.43448293
0.15923972
0.5806784
0.45719504
0.46173814
0.477766
0.58213854
0.37245384
0.49707863
0.34796596
0.31151026
0.4819393
0.48464763
0.23870634
Pearson Correlation Coefficient: 0.5896836295755179
--------------------
