---------- ../dataset/test/en-iot-30.csv ----------
0.54860276
0.74349886
0.8241483
0.8821731
0.73661304
0.9014368
0.8036672
0.74053967
0.8783604
0.8846216
0.81958526
0.9478037
0.82208425
0.71425736
0.7302315
0.7238339
0.7494209
0.69075066
0.811893
0.70916754
0.5102743
0.5700474
0.77767
0.72472405
0.80476934
0.7196084
0.7736476
0.7263711
0.54843783
0.47871238
Pearson Correlation Coefficient: 0.4438905636132596
--------------------
---------- ../dataset/test/en-mc-30.csv ----------
0.89213705
0.6930228
0.7389353
0.68275684
0.8864074
0.73326606
0.82908064
0.7733422
0.8210499
0.7847804
0.5363568
0.6033005
0.7786664
0.65940636
0.5788569
0.53567815
0.64509684
0.35534683
0.7646331
0.5811275
0.728565
0.65209675
0.7919438
0.6783671
0.78785545
0.581152
0.4859782
0.5657498
0.8083394
0.39291435
Pearson Correlation Coefficient: 0.46005232873661484
--------------------
