---------- ../dataset/test/en-iot-30.csv ----------
0.4213173
0.6428964
0.7005103
0.78022575
0.64843905
0.86935097
0.72188985
0.6685817
0.83102053
0.76427686
0.7117205
0.8686728
0.7365593
0.58014774
0.6325385
0.592745
0.5683141
0.55328494
0.7068216
0.56917024
0.43926987
0.49251014
0.6343732
0.55605984
0.6710724
0.612549
0.6187447
0.6132841
0.42403919
0.34727693
Pearson Correlation Coefficient: 0.5193667060506517
--------------------
---------- ../dataset/test/en-mc-30.csv ----------
0.8192359
0.5089875
0.6621085
0.6239062
0.7962342
0.5995668
0.706871
0.67697847
0.70760787
0.7086911
0.4395497
0.53636914
0.682024
0.5423938
0.46659422
0.44379005
0.5139339
0.27167955
0.6747123
0.52394664
0.5596816
0.4978886
0.6840068
0.43334985
0.6204353
0.45743325
0.38244408
0.54327536
0.5936791
0.30462468
Pearson Correlation Coefficient: 0.5540752697137492
--------------------
