---------- ../dataset/test/en-iot-30.csv ----------
0.47063562
0.6678307
0.69556254
0.81612295
0.659832
0.8728429
0.71750164
0.6957554
0.8456846
0.79236406
0.747447
0.8848443
0.7737065
0.6483503
0.6779426
0.62221557
0.6154999
0.55457217
0.7016678
0.5864405
0.4005683
0.48951313
0.6404829
0.6020932
0.7229723
0.6186447
0.5773025
0.6202422
0.42179304
0.32596463
Pearson Correlation Coefficient: 0.5546222077375772
--------------------
---------- ../dataset/test/en-mc-30.csv ----------
0.84654766
0.56278026
0.67614686
0.62615186
0.8024552
0.6252341
0.71140254
0.6791869
0.7210036
0.7323058
0.46783432
0.5607948
0.6966911
0.53309715
0.46427897
0.44408554
0.563631
0.26090455
0.6626887
0.5156654
0.5813594
0.52904856
0.68868655
0.46807256
0.63628924
0.4286925
0.36829528
0.51846766
0.6796486
0.33434084
Pearson Correlation Coefficient: 0.5556467651081285
--------------------
