---------- ../dataset/test/en-iot-30.csv ----------
0.53818125
0.72492254
0.77689946
0.8751674
0.7729496
0.89256
0.789714
0.7516486
0.8631239
0.8508919
0.8336263
0.92546654
0.81979465
0.7030693
0.7098788
0.7185666
0.70880556
0.6412656
0.7877944
0.6858648
0.49674973
0.55442286
0.72705245
0.70196134
0.771346
0.68624175
0.68245476
0.65418553
0.5318889
0.43548036
Pearson Correlation Coefficient: 0.5431739831408908
--------------------
---------- ../dataset/test/en-mc-30.csv ----------
0.85369784
0.6799712
0.7164887
0.6688286
0.8672316
0.7106425
0.7826125
0.7816617
0.75613844
0.77286124
0.5384674
0.57912856
0.7739652
0.6506614
0.5443321
0.5208365
0.6278019
0.35513365
0.79415333
0.61146677
0.6835705
0.6250891
0.7997989
0.62873405
0.7870292
0.62902284
0.40213725
0.5896539
0.7836044
0.45928097
Pearson Correlation Coefficient: 0.41603174033780105
--------------------
