---------- ../dataset/test/en-iot-30.csv ----------
0.3989295
0.6020017
0.6322829
0.7613856
0.6200938
0.8085437
0.6995422
0.6293914
0.7799714
0.72330576
0.6356231
0.84138787
0.71307313
0.55339926
0.5677547
0.52184755
0.50873876
0.49239826
0.6563134
0.54377353
0.36591578
0.39605716
0.58652633
0.5210926
0.6457603
0.5323385
0.52676153
0.5189036
0.383781
0.3111822
Pearson Correlation Coefficient: 0.5688439721119962
--------------------
---------- ../dataset/test/en-mc-30.csv ----------
0.7777225
0.49382055
0.62067217
0.5527311
0.7338507
0.5357786
0.612875
0.6177625
0.70100033
0.67739886
0.48416722
0.5005622
0.6382976
0.4252533
0.371419
0.39681056
0.4386926
0.18931559
0.58792114
0.474359
0.44363195
0.42411634
0.60790986
0.39362982
0.5685109
0.33666772
0.31050348
0.49263614
0.5050266
0.16943339
Pearson Correlation Coefficient: 0.6205334807206772
--------------------
